%YAML:1.0
cameraMatrix: !!opencv-matrix
   rows: 3
   cols: 3
   dt: d
   data: [1633.6, 0.000000, 943.253, 0.000000, 1628.87, 556.807, 0.000000, 0.000000, 1.000000]
distortionCoefficients: !!opencv-matrix
   rows: 1
   cols: 5
   dt: d
   data: [-0.22013,0.183647,7.28155e-05,0.000775779,0.0522534]
rectification_matrix:
  rows: 3
  cols: 3
  dt: d
  data: [1.000000, 0.000000, 0.000000, 0.000000, 1.000000, 0.000000, 0.000000, 0.000000, 1.000000]
projection_matrix:
  rows: 3
  cols: 4
  dt: d
  data: [814.851990, 0.000000, 355.466578, 0.000000, 0.000000, 836.565796, 226.249316, 0.000000, 0.000000, 0.000000, 1.000000, 0.000000]
