%YAML:1.0
cameraMatrix: !!opencv-matrix
   rows: 3
   cols: 3
   dt: d
   data: [ 1633.6, 0., 943.253, 0.,
       1628.87, 556.807, 0., 0., 1. ]
distortionCoefficients: !!opencv-matrix
   rows: 1
   cols: 5
   dt: d
   data: [ -0.22013,0.183647,7.28155e-05,0.000775779,0.0522534]
rotation: !!opencv-matrix
   rows: 3
   cols: 3
   dt: d
   data: [ 1., 0., 0., 0., 1., 0., 0., 0., 1. ]
projection: !!opencv-matrix
   rows: 4
   cols: 4
   dt: d
   data: [ 1.0682054759742900e+03, 0., 9.6410018828461182e+02, 0., 0.,
       1.0682239822401439e+03, 5.3852215533769015e+02, 0., 0., 0., 1.,
       0., 0., 0., 0., 1. ]
