{
	"calibDataSource": "j:\/calibration\/171204_calib_rawData\/full\/output_norm",
	"cameras": [
		{
			"id": 0,
			"type": "hd",
			"resolution": [1920,1080],
			"panel": 0,
			"node": 0,
			"K": [
				[1633.34,0,942.256],
				[0,1628.84,557.344],
				[0,0,1]
			],
			"distCoef": [-0.220878,0.189272,7.79405e-05,0.000739643,0.0418043],
			"R": [
				[0.1201471256,0.03330941579,-0.9921971332],
				[-0.09157840245,0.9955474156,0.02233247834],
				[0.9885231734,0.08818064529,0.1226625834]
			],
			"t": [
				[23.27031863],
				[126.5360495],
				[284.0106483]
			]
		},
		{
			"id": 1,
			"type": "hd",
			"resolution": [1920,1080],
			"panel": 0,
			"node": 1,
			"K": [
				[1397.22,0,952.787],
				[0,1393.35,560.88],
				[0,0,1]
			],
			"distCoef": [-0.286091,0.180889,-1.60587e-05,0.000789872,-0.0449576],
			"R": [
				[0.06931370124,0.02420951868,0.997301113],
				[0.6370321066,0.7682646944,-0.06292419688],
				[-0.7677145993,0.6396743379,0.03782902881]
			],
			"t": [
				[3.611476397],
				[105.3186549],
				[361.8137386]
			]
		},
		{
			"id": 2,
			"type": "hd",
			"resolution": [1920,1080],
			"panel": 0,
			"node": 2,
			"K": [
				[1397.34,0,939.547],
				[0,1394.21,556.932],
				[0,0,1]
			],
			"distCoef": [-0.282908,0.174096,-0.000553102,0.000955824,-0.039834],
			"R": [
				[-0.9977536992,0.05413626512,-0.03945656507],
				[0.001792027357,0.6103577438,0.7921238623],
				[0.06696524745,0.7902738066,-0.6090837104]
			],
			"t": [
				[-17.1694445],
				[61.4556178],
				[382.4086979]
			]
		},
		{
			"id": 3,
			"type": "hd",
			"resolution": [1920,1080],
			"panel": 0,
			"node": 3,
			"K": [
				[1396.46,0,949.692],
				[0,1392.71,565.723],
				[0,0,1]
			],
			"distCoef": [-0.28687,0.180305,-9.79588e-05,8.91659e-05,-0.0446159],
			"R": [
				[-0.6086873278,-0.02835043215,0.7929035187],
				[0.07675843763,0.992569407,0.0944145891],
				[-0.7896884697,0.1183309992,-0.6019882851]
			],
			"t": [
				[-17.48376658],
				[117.0950552],
				[290.4932634]
			]
		},
		{
			"id": 4,
			"type": "hd",
			"resolution": [1920,1080],
			"panel": 0,
			"node": 4,
			"K": [
				[1633.12,0,947.251],
				[0,1628.9,571.376],
				[0,0,1]
			],
			"distCoef": [-0.219084,0.170134,-0.000255163,0.0010772,0.0777839],
			"R": [
				[-0.5163938875,-0.01129080841,0.8562767488],
				[0.642665794,0.6557375672,0.3962182734],
				[-0.5659664568,0.7549044712,-0.3313626552]
			],
			"t": [
				[-7.816984441],
				[80.30869701],
				[379.6060578]
			]
		},
		{
			"id": 5,
			"type": "hd",
			"resolution": [1920,1080],
			"panel": 0,
			"node": 5,
			"K": [
				[1396.75,0,934.326],
				[0,1393.02,560.133],
				[0,0,1]
			],
			"distCoef": [-0.287461,0.18386,-0.000300461,-8.81602e-05,-0.0484161],
			"R": [
				[-0.937566026,-0.01107891291,-0.3476308453],
				[-0.02144311715,0.9994324354,0.02598075902],
				[0.3471457038,0.03181296593,-0.9372714631]
			],
			"t": [
				[-6.86900582],
				[143.5434839],
				[283.119947]
			]
		},
		{
			"id": 6,
			"type": "hd",
			"resolution": [1920,1080],
			"panel": 0,
			"node": 6,
			"K": [
				[1396.52,0,950.555],
				[0,1392.76,548.142],
				[0,0,1]
			],
			"distCoef": [-0.283627,0.174346,-0.000171369,0.00113904,-0.0408114],
			"R": [
				[0.9395452426,-0.04896102665,-0.3389064102],
				[-0.2254201519,0.6565800569,-0.7197835675],
				[0.2577605325,0.752665561,0.6058498668]
			],
			"t": [
				[-7.899241259],
				[86.20156461],
				[375.5705475]
			]
		},
		{
			"id": 7,
			"type": "hd",
			"resolution": [1920,1080],
			"panel": 0,
			"node": 7,
			"K": [
				[1395.68,0,948.764],
				[0,1392.29,549.252],
				[0,0,1]
			],
			"distCoef": [-0.28638,0.182108,-6.11347e-05,0.000142161,-0.0479038],
			"R": [
				[-0.9362843506,-0.0374169171,0.3492443116],
				[0.1901986888,0.7819066069,0.5936720618],
				[-0.295289813,0.6222716709,-0.724970271]
			],
			"t": [
				[-7.70812848],
				[110.9551941],
				[361.5141052]
			]
		},
		{
			"id": 8,
			"type": "hd",
			"resolution": [1920,1080],
			"panel": 0,
			"node": 8,
			"K": [
				[1642.83,0,945.744],
				[0,1638.62,562.057],
				[0,0,1]
			],
			"distCoef": [-0.223456,0.19973,-0.00059139,0.000744291,0.0440214],
			"R": [
				[0.9530873392,0.01760445664,-0.3021830685],
				[-0.03430843001,0.9981568255,-0.05005879977],
				[0.3007448344,0.05807783494,0.9519346142]
			],
			"t": [
				[-14.22128553],
				[136.9822545],
				[280.6334927]
			]
		},
		{
			"id": 9,
			"type": "hd",
			"resolution": [1920,1080],
			"panel": 0,
			"node": 9,
			"K": [
				[1397.14,0,946.792],
				[0,1393.29,541.213],
				[0,0,1]
			],
			"distCoef": [-0.285295,0.18205,-0.000405216,0.000703705,-0.0469191],
			"R": [
				[-0.3072574253,-0.08390645857,0.9479201342],
				[-0.1238435524,0.9911598416,0.04759141567],
				[-0.9435335972,-0.102770981,-0.3149324949]
			],
			"t": [
				[5.555147962],
				[146.903237],
				[259.9029028]
			]
		},
		{
			"id": 10,
			"type": "hd",
			"resolution": [1920,1080],
			"panel": 0,
			"node": 10,
			"K": [
				[1394.5,0,946.166],
				[0,1390.91,562.502],
				[0,0,1]
			],
			"distCoef": [-0.287016,0.182978,1.91352e-06,0.000618877,-0.0471994],
			"R": [
				[0.9553888921,0.04750442987,0.2915053928],
				[0.146618891,0.780495645,-0.6077248135],
				[-0.2563883104,0.6233537337,0.7387118227]
			],
			"t": [
				[22.79854327],
				[114.6959367],
				[357.6721805]
			]
		},
		{
			"id": 11,
			"type": "hd",
			"resolution": [1920,1080],
			"panel": 0,
			"node": 11,
			"K": [
				[1494.03,0,934.225],
				[0,1490.4,547.2],
				[0,0,1]
			],
			"distCoef": [-0.262456,0.195852,-0.000218069,0.000249353,-0.0304978],
			"R": [
				[0.8037058409,0.04109099086,-0.5936063104],
				[-0.2903675558,0.8978494377,-0.3309880204],
				[0.5193684663,0.4383810188,0.733538328]
			],
			"t": [
				[2.697258627],
				[105.5994944],
				[330.2257948]
			]
		},
		{
			"id": 12,
			"type": "hd",
			"resolution": [1920,1080],
			"panel": 0,
			"node": 12,
			"K": [
				[1395.89,0,965.513],
				[0,1392.26,563.395],
				[0,0,1]
			],
			"distCoef": [-0.289702,0.190666,-0.000173313,0.000635228,-0.0545154],
			"R": [
				[-0.996452231,0.04282114989,-0.07245205587],
				[0.005240162438,0.8907794291,0.4544057101],
				[0.08399697599,0.4524139231,-0.8878435393]
			],
			"t": [
				[23.14408375],
				[96.40042732],
				[337.0042749]
			]
		},
		{
			"id": 13,
			"type": "hd",
			"resolution": [1920,1080],
			"panel": 0,
			"node": 13,
			"K": [
				[1590.88,0,938.94],
				[0,1586.99,561.619],
				[0,0,1]
			],
			"distCoef": [-0.230444,0.18826,7.61987e-05,0.000834121,0.0175843],
			"R": [
				[-0.3026878063,0.07389814052,-0.9502205832],
				[-0.7512802513,0.5949933375,0.2855887119],
				[0.5864793909,0.8003261793,-0.1245790145]
			],
			"t": [
				[-13.78629705],
				[58.32974875],
				[381.7355695]
			]
		},
		{
			"id": 14,
			"type": "hd",
			"resolution": [1920,1080],
			"panel": 0,
			"node": 14,
			"K": [
				[1648.02,0,935.546],
				[0,1643.15,565.17],
				[0,0,1]
			],
			"distCoef": [-0.220121,0.202599,-0.000630739,0.000350103,0.0401289],
			"R": [
				[0.831933664,-0.07319383924,0.5500264],
				[0.0192422789,0.9944710604,0.1032329636],
				[-0.5545413542,-0.07529921627,0.8287423692]
			],
			"t": [
				[-4.625042441],
				[140.7967865],
				[265.2597889]
			]
		},
		{
			"id": 15,
			"type": "hd",
			"resolution": [1920,1080],
			"panel": 0,
			"node": 15,
			"K": [
				[1429.85,0,949.23],
				[0,1426.39,561.771],
				[0,0,1]
			],
			"distCoef": [-0.2801,0.197064,-3.20167e-05,3.40654e-05,-0.0554113],
			"R": [
				[-0.9992972088,0.006720010903,0.03687722813],
				[0.004590412568,0.9983331058,-0.0575320597],
				[-0.03720237376,-0.05732234498,-0.9976623337]
			],
			"t": [
				[8.374842777],
				[134.9994451],
				[270.4302205]
			]
		},
		{
			"id": 16,
			"type": "hd",
			"resolution": [1920,1080],
			"panel": 0,
			"node": 16,
			"K": [
				[1427.61,0,949.637],
				[0,1423.57,546.802],
				[0,0,1]
			],
			"distCoef": [-0.278776,0.183731,-0.000309642,0.00052928,-0.0401693],
			"R": [
				[0.7765383307,0.006178419027,0.6300397195],
				[0.2477685136,0.9163974106,-0.3143669027],
				[-0.5793090579,0.4002219547,0.7100868978]
			],
			"t": [
				[6.46210901],
				[119.3370208],
				[327.740485]
			]
		},
		{
			"id": 17,
			"type": "hd",
			"resolution": [1920,1080],
			"panel": 0,
			"node": 17,
			"K": [
				[1393.21,0,914.88],
				[0,1390.16,563.106],
				[0,0,1]
			],
			"distCoef": [-0.284421,0.176922,0.000126986,0.000503947,-0.0429811],
			"R": [
				[0.4906904676,0.0946902297,-0.8661735539],
				[-0.6096007793,0.7475924551,-0.2636141326],
				[0.6225831309,0.6573730154,0.4245597292]
			],
			"t": [
				[21.28738278],
				[97.30633283],
				[361.263403]
			]
		},
		{
			"id": 18,
			"type": "hd",
			"resolution": [1920,1080],
			"panel": 0,
			"node": 18,
			"K": [
				[1542.07,0,946.196],
				[0,1537.95,554.265],
				[0,0,1]
			],
			"distCoef": [-0.247953,0.190706,6.8039e-05,0.000476092,-0.00224513],
			"R": [
				[-0.390163797,-0.0006747239014,0.9207452179],
				[0.3673316594,0.9168582487,0.1563278726],
				[-0.8442983261,0.3992123451,-0.3574770482]
			],
			"t": [
				[13.30544958],
				[117.2533007],
				[329.2065567]
			]
		},
		{
			"id": 19,
			"type": "hd",
			"resolution": [1920,1080],
			"panel": 0,
			"node": 19,
			"K": [
				[1397.39,0,948.986],
				[0,1393.8,555.982],
				[0,0,1]
			],
			"distCoef": [-0.281642,0.168922,-1.02433e-05,0.000977743,-0.0351229],
			"R": [
				[0.7465521557,0.00991988101,0.6652529404],
				[0.5082768062,0.6366996589,-0.5798863963],
				[-0.4293187243,0.7710480791,0.4702874575]
			],
			"t": [
				[-24.67388828],
				[76.16539419],
				[377.6512638]
			]
		},
		{
			"id": 20,
			"type": "hd",
			"resolution": [1920,1080],
			"panel": 0,
			"node": 20,
			"K": [
				[1404.07,0,941.049],
				[0,1400.1,553.42],
				[0,0,1]
			],
			"distCoef": [-0.290676,0.200278,-4.67165e-05,0.000224525,-0.0625048],
			"R": [
				[-0.6196167278,0.04227157509,-0.7837654143],
				[-0.1385357948,0.9769823286,0.1622139423],
				[0.7725819984,0.2090900368,-0.5994984673]
			],
			"t": [
				[30.58302522],
				[136.1402243],
				[304.2642059]
			]
		},
		{
			"id": 21,
			"type": "hd",
			"resolution": [1920,1080],
			"panel": 0,
			"node": 21,
			"K": [
				[1397.27,0,932.173],
				[0,1393.45,563.453],
				[0,0,1]
			],
			"distCoef": [-0.28791,0.186278,-0.000124931,8.41097e-05,-0.050319],
			"R": [
				[-0.2755205289,-0.04871896674,-0.9600598421],
				[-0.4527364135,0.8875945776,0.08488583923],
				[0.8480083597,0.458041841,-0.2666073778]
			],
			"t": [
				[-5.860650791],
				[96.90007543],
				[334.6517281]
			]
		},
		{
			"id": 22,
			"type": "hd",
			"resolution": [1920,1080],
			"panel": 0,
			"node": 22,
			"K": [
				[1514.21,0,947.037],
				[0,1510.2,560.969],
				[0,0,1]
			],
			"distCoef": [-0.259085,0.203404,-0.000221448,0.000849531,-0.0304789],
			"R": [
				[-0.9268447946,-0.03010232155,0.374235991],
				[0.07952577999,0.9584221954,0.2740484368],
				[-0.3669255742,0.2837617762,-0.8859147122]
			],
			"t": [
				[4.145954428],
				[112.1309872],
				[314.7604202]
			]
		},
		{
			"id": 23,
			"type": "hd",
			"resolution": [1920,1080],
			"panel": 0,
			"node": 23,
			"K": [
				[1572.75,0,942.748],
				[0,1567.93,560.347],
				[0,0,1]
			],
			"distCoef": [-0.238394,0.185979,-0.00019237,0.00056832,0.0168314],
			"R": [
				[0.5312213594,0.01375945173,0.8471213283],
				[0.1413245148,0.984420416,-0.1046127433],
				[-0.8353629444,0.1752915344,0.5210006037]
			],
			"t": [
				[0.5257884281],
				[102.4035335],
				[295.7737608]
			]
		},
		{
			"id": 24,
			"type": "hd",
			"resolution": [1920,1080],
			"panel": 0,
			"node": 24,
			"K": [
				[1399.63,0,955.948],
				[0,1395.85,545.229],
				[0,0,1]
			],
			"distCoef": [-0.288488,0.191008,-1.73811e-05,0.000369067,-0.05723],
			"R": [
				[-0.4005164628,-0.05912233861,-0.9143801792],
				[0.0228486317,0.9969614588,-0.07447005922],
				[0.9160046414,-0.05071882065,-0.3979486125]
			],
			"t": [
				[-12.28464631],
				[132.6875692],
				[268.0008991]
			]
		},
		{
			"id": 25,
			"type": "hd",
			"resolution": [1920,1080],
			"panel": 0,
			"node": 25,
			"K": [
				[1398.86,0,934.587],
				[0,1395.65,558.765],
				[0,0,1]
			],
			"distCoef": [-0.291038,0.195402,-0.000448743,0.000396677,-0.0591006],
			"R": [
				[0.7843153993,0.001030761505,-0.6203614204],
				[0.04572637326,0.9971823484,0.05946816592],
				[0.6186747556,-0.07500867617,0.7820583388]
			],
			"t": [
				[7.833570878],
				[139.0527431],
				[260.4900727]
			]
		},
		{
			"id": 26,
			"type": "hd",
			"resolution": [1920,1080],
			"panel": 0,
			"node": 26,
			"K": [
				[1617.41,0,951.038],
				[0,1613.16,553.431],
				[0,0,1]
			],
			"distCoef": [-0.224662,0.176138,-0.000628558,0.000388511,0.0578384],
			"R": [
				[-0.7607638942,-0.0461381259,-0.6473867241],
				[0.1349428629,0.9644279312,-0.2273085773],
				[0.6348454308,-0.2602883764,-0.7274759378]
			],
			"t": [
				[-9.898558773],
				[141.8470555],
				[243.4171826]
			]
		},
		{
			"id": 27,
			"type": "hd",
			"resolution": [1920,1080],
			"panel": 0,
			"node": 27,
			"K": [
				[1861.44,0,936.647],
				[0,1856.72,552.322],
				[0,0,1]
			],
			"distCoef": [-0.17275,0.214539,8.96634e-05,0.000541524,0.2055],
			"R": [
				[0.9823570062,0.02253123618,0.1856530523],
				[0.02600744891,0.9666111039,-0.254924668],
				[-0.1851980697,0.2552553959,0.9489712102]
			],
			"t": [
				[-1.699381026],
				[124.1723029],
				[308.7807883]
			]
		},
		{
			"id": 28,
			"type": "hd",
			"resolution": [1920,1080],
			"panel": 0,
			"node": 28,
			"K": [
				[1396.25,0,952.946],
				[0,1392.68,560.649],
				[0,0,1]
			],
			"distCoef": [-0.285514,0.179814,5.81911e-05,0.000295266,-0.0448157],
			"R": [
				[-0.642561769,-0.02939492061,-0.7656698451],
				[-0.5069025387,0.7656560093,0.3960059238],
				[0.5745991553,0.6425782552,-0.5068816396]
			],
			"t": [
				[-7.146146086],
				[102.5752031],
				[363.2267619]
			]
		},
		{
			"id": 29,
			"type": "hd",
			"resolution": [1920,1080],
			"panel": 0,
			"node": 29,
			"K": [
				[1400.52,0,939.607],
				[0,1397.25,572.609],
				[0,0,1]
			],
			"distCoef": [-0.286595,0.187806,-0.000331838,0.000772163,-0.05129],
			"R": [
				[0.4750716708,-0.07261056368,-0.8769461863],
				[-0.08536359825,0.9880862282,-0.1280572594],
				[0.8757967594,0.1356956581,0.4632134763]
			],
			"t": [
				[-17.69455899],
				[158.7588581],
				[289.3073174]
			]
		},
		{
			"id": 30,
			"type": "hd",
			"resolution": [1920,1080],
			"panel": 0,
			"node": 30,
			"K": [
				[1407.65,0,947.973],
				[0,1403.9,562.365],
				[0,0,1]
			],
			"distCoef": [-0.284107,0.18655,-0.00026027,0.000570739,-0.0494198],
			"R": [
				[0.1020851826,0.06206928857,0.9928373577],
				[0.2140185917,0.973309418,-0.08285420517],
				[-0.9714806524,0.2209438397,0.08607648794]
			],
			"t": [
				[11.39963104],
				[132.495786],
				[304.4530987]
			]
		}
	]
}
