{
	"calibDataSource": "xuchengjun_shelf",
	"cameras": [
		{
			"name": "0",
			"type": "hd",
			"resolution": [1032,776],
			"K": [
				[1063.512,0,511.738],
				[0,1071.863,350.088],
				[0,0,1]
			],
			"distCoef": [0.0,0.0,0.0,0.0,0.0],
			"R": [
				[-0.650977,0.758717,-0.024027],
				[0.018862,0.047810,0.998678],
				[0.758863,0.649664,-0.045434]
			],
			"t": [
				[59.4278],
				[-97.1974],
				[262.4511]
			]
		},
		{
			"name": "1",
			"type": "hd",
			"resolution": [1032,776],
			"K": [
				[1097.697754, 0.000000, 521.652161],
				[0.000000, 1086.668457, 376.587067],
				[0.000000, 0.000000, 1.000000]
			],
			"distCoef": [0.0,0.0,0.0,0.0,0.0],
			"R": [
				[0.016771, 0.999835, -0.006926],
				[0.029435, 0.006431, 0.999546],
				[0.999426, -0.016967, -0.029322]
			],
			"t": [
				[-24.5840],
				[-86.2727],
				[354.3943]
			]
		},
		{
			"name": "2",
			"type": "hd",
			"resolution": [1032,776],
			"K": [
				[1130.065552, 0.000000, 566.884338],
				[0.000000, 1112.470337, 375.212708],
				[0.000000, 0.000000, 1.000000]
			],
			"distCoef": [0.0,0.0,0.0,0.0,0.0],
			"R": [
				[0.789986, 0.610527, -0.056380],
				[0.370413, -0.401962, 0.837389],
				[0.488586, -0.682410, -0.543691]
			],
			"t": [
				[-28.0626],
				[-70.1673],
				[389.3979]
			]
		},
		{
			"name": "3",
			"type": "hd",
			"resolution": [1032,776],
			"K": [
				[1056.162598, 0.000000, 552.435730],
				[0.000000, 1059.639648, 393.180389],
				[0.000000, 0.000000, 1.000000]
			],
			"distCoef": [0.0,0.0,0.0,0.0,0.0],
			"R": [
				[0.970568, -0.235647, 0.049676],
				[-0.097630, -0.196438, 0.975644],
				[-0.220150, -0.951779, -0.213663]
			],
			"t": [
				[-20.2527],
				[-62.3740],
				[376.0249]
			]
		},
		{
			"name": "4",
			"type": "hd",
			"resolution": [1032,776],
			"K": [
				[1089.654175, 0.000000, 498.329620],
				[0.000000, 1080.999390, 359.514832],
				[0.000000, 0.000000, 1.000000]
			],
			"distCoef": [0.0,0.0,0.0,0.0,0.0],
			"R": [
				[0.194109, -0.980554, 0.028888],
				[-0.233045, -0.017488, 0.972309],
				[-0.952896, -0.195466, -0.231908]
			],
			"t": [
				[-51.7180],
				[-50.1783],
				[403.8814]
			]
		}
	]
}
